subdir	total
noarch	138125
